Chi-Squared: 20.045454545454547
p-value: 7.562306614504704e-06
Reject the null hypothesis (H0). GPT-4 has better performance than the SAST tools.